[一]
rotax = -8.392555508179433E-6
rotay = 2.1743083917358587E-6
rotaz = -2.6026630618547336E-5
dx = 158.70326900482178
dy = -97.47395429760218
dz = -131.63823096826673
scale = 1.000014310469851

[二]
rotax = 0.0625
rotay = -0.75
rotaz = 0.3125
dx = -2883584.0
dy = 5767168.0
dz = 2228224.0
scale = -0.0625

[三]
rotax = 0.0625
rotay = -0.75
rotaz = 0.3125
dx = -2883584.0
dy = 5767168.0
dz = 2228224.0
scale = -0.0625

